0.0010743141174316406 0 0
0.00885629653930664 0 0
0.014496088027954102 0 0
0.02085733413696289 0 0
0.027092695236206055 -1 -2
0.03282737731933594 -2 -15
0.03912973403930664 -2 -39
0.0447850227355957 -4 -63
0.05103707313537598 -4 -63
0.05880427360534668 -6 -189
0.06448507308959961 -8 -244
0.07079052925109863 -10 -254
0.07704758644104004 -12 -289
0.0827486515045166 -14 -344
0.08902502059936523 -16 -315
0.09474682807922363 -18 -356
0.10917496681213379 -24 -392
0.12850737571716309 -32 -443
0.15001320838928223 -42 -486
0.15554118156433105 -46 -498
0.16286325454711914 -50 -514
0.16971302032470703 -53 -523
0.17502331733703613 -56 -534
0.1817336082458496 -60 -539
0.18828678131103516 -62 -548
0.19402742385864258 -66 -557
0.2003638744354248 -70 -566
0.20592474937438965 -73 -585
0.2134709358215332 -78 -591
0.22059226036071777 -82 -592
0.22613286972045898 -86 -594
0.23256206512451172 -88 -599
0.23908448219299316 -94 -612
0.24478721618652344 -98 -620
0.25104641914367676 -101 -626
0.25781846046447754 -105 -629
0.26439523696899414 -109 -626
0.270862340927124 -114 -630
0.27719974517822266 -118 -641
0.2829272747039795 -122 -646
0.2895667552947998 -126 -652
0.294950008392334 -130 -651
0.3016371726989746 -134 -651
0.3081789016723633 -138 -654
0.31467723846435547 -142 -662
0.3209846019744873 -147 -668
0.32758188247680664 -151 -668
0.33312201499938965 -155 -667
0.33981847763061523 -159 -668
0.34513139724731445 -163 -669
0.3516395092010498 -167 -676
0.35831117630004883 -171 -687
0.36484265327453613 -176 -683
0.3711357116699219 -180 -681
0.3779323101043701 -184 -677
0.3832235336303711 -189 -683
0.38995909690856934 -193 -689
0.3955249786376953 -197 -695
0.40195488929748535 -202 -692
0.40848803520202637 -206 -687
0.4149813652038574 -211 -685
0.4216458797454834 -215 -695
0.4281656742095947 -220 -698
0.43383336067199707 -224 -698
0.4402122497558594 -228 -694
0.4458179473876953 -232 -689
0.4520845413208008 -236 -698
0.4585757255554199 -240 -699
0.4650881290435791 -246 -704
0.47159647941589355 -250 -702
0.4782562255859375 -254 -697
0.48397016525268555 -258 -694
0.49025630950927734 -263 -706
0.4958643913269043 -267 -706
0.5098164081573486 -277 -692
0.5160658359527588 -282 -695
0.5225834846496582 -285 -697
0.5292131900787354 -291 -706
0.534904956817627 -295 -704
0.5415763854980469 -299 -702
0.5481164455413818 -304 -697
0.5536189079284668 -308 -702
0.5600903034210205 -312 -705
0.5670850276947021 -318 -713
0.5728204250335693 -322 -707
0.5791258811950684 -326 -698
0.5848085880279541 -330 -699
0.5911061763763428 -334 -701
0.5979931354522705 -339 -710
0.60357666015625 -343 -711
0.6100397109985352 -347 -708
0.6171221733093262 -353 -705
0.6228427886962891 -357 -706
0.6291780471801758 -362 -708
0.6348569393157959 -366 -712
0.6411662101745605 -370 -708
0.6478910446166992 -374 -703
0.6532022953033447 -378 -706
0.6600909233093262 -382 -710
0.6674506664276123 -388 -713
0.6729457378387451 -392 -711
0.6792254447937012 -397 -707
0.6849093437194824 -401 -709
0.6914644241333008 -406 -706
0.6980540752410889 -410 -715
0.7035336494445801 -414 -719
0.7100019454956055 -418 -712
0.7166147232055664 -424 -706
0.7229259014129639 -428 -708
0.7291862964630127 -432 -713
0.7348895072937012 -437 -718
0.7414672374725342 -441 -713
0.7480597496032715 -445 -707
0.7535624504089355 -450 -708
0.7600367069244385 -454 -716
0.7655656337738037 -458 -715
0.7727015018463135 -464 -713
0.7791807651519775 -468 -712
0.7848470211029053 -472 -710
0.7915585041046143 -476 -709
0.798086404800415 -481 -714
0.8037102222442627 -485 -720
0.8101098537445068 -490 -714
0.8157126903533936 -494 -711
0.8229906558990479 -500 -708
0.8296041488647461 -504 -715
0.8349916934967041 -508 -720
0.8416731357574463 -512 -714
0.8481926918029785 -516 -708
0.8538224697113037 -521 -711
0.8602283000946045 -525 -708
0.8658406734466553 -530 -715
0.8731074333190918 -535 -717
0.8797190189361572 -540 -713
0.8850207328796387 -544 -708
0.8915679454803467 -548 -710
0.8982536792755127 -555 -718
0.9104676246643066 -561 -714
0.9160218238830566 -566 -709
0.9240405559539795 -570 -707
0.9304625988006592 -575 -718
0.9360358715057373 -581 -716
0.9422638416290283 -584 -715
0.9488058090209961 -589 -712
0.9544870853424072 -592 -713
0.9608964920043945 -598 -709
0.967503547668457 -602 -713
0.9742307662963867 -606 -713
0.9805130958557129 -610 -713
0.9860992431640625 -616 -709
0.9925146102905273 -619 -708
0.9988853931427002 -625 -712
1.0046656131744385 -628 -714
