0.002298116683959961 0 0
0.009125471115112305 0 0
0.014603137969970703 0 0
0.021183490753173828 0 0
0.02759385108947754 0 0
0.03328227996826172 0 0
0.039441585540771484 0 0
0.04494976997375488 0 0
0.05114626884460449 0 0
0.05832314491271973 0 0
0.06391429901123047 0 0
0.07010078430175781 0 0
0.07661867141723633 0 0
0.08223247528076172 0 0
0.08870577812194824 0 0
0.09400391578674316 0 0
0.10063052177429199 0 0
0.10791921615600586 0 0
0.11354923248291016 0 0
0.11977148056030273 0 0
0.12523651123046875 0 0
0.13172316551208496 0 0
0.13827204704284668 0 0
0.14388680458068848 0 0
0.15010547637939453 0 0
0.15756773948669434 0 0
0.1695389747619629 0 0
0.1750195026397705 0 0
0.1813793182373047 0 0
0.18793368339538574 0 0
0.19358611106872559 0 0
0.19994306564331055 0 0
0.20740866661071777 0 0
0.2130579948425293 0 0
0.21928119659423828 0 0
0.22476458549499512 0 0
0.23100614547729492 0 0
0.23743891716003418 0 0
0.2430739402770996 0 0
0.24930429458618164 0 0
0.25579380989074707 0 0
0.27119994163513184 0 0
0.27777671813964844 0 0
0.2834048271179199 0 0
0.29211974143981934 0 0
0.2996082305908203 0 0
0.31076622009277344 0 0
0.32201647758483887 0 0
0.33696770668029785 0 0
0.34976983070373535 0 0
0.3612060546875 0 0
0.3741903305053711 0 0
0.38951611518859863 0 0
0.40326690673828125 0 0
0.4147837162017822 0 0
0.42738914489746094 0 0
0.43785715103149414 0 0
0.4434804916381836 0 0
0.4496424198150635 0 0
0.4551208019256592 0 0
0.46126437187194824 0 0
0.46775054931640625 0 0
0.47339344024658203 0 0
0.4891631603240967 0 0
0.4999253749847412 0 0
0.5083110332489014 0 0
0.514251708984375 0 0
0.5209128856658936 0 0
0.5273311138153076 0 0
0.5328490734100342 0 0
0.5398571491241455 0 0
0.5456833839416504 0 0
0.5515978336334229 0 0
0.558112621307373 0 0
0.5702075958251953 0 0
0.5770812034606934 0 0
0.5823314189910889 0 0
0.589735746383667 0 0
0.5952236652374268 0 0
0.6016886234283447 0 0
0.6079809665679932 0 0
0.6135866641998291 0 0
0.6199300289154053 0 0
0.6257762908935547 0 0
0.6317236423492432 0 0
0.6391861438751221 0 0
0.644618034362793 0 0
0.6509687900543213 0 0
0.6574051380157471 0 0
0.6630716323852539 0 0
0.6692759990692139 0 0
0.6747162342071533 0 0
0.6810860633850098 0 0
0.6876189708709717 0 0
0.6939468383789062 0 0
0.7001016139984131 0 0
0.7066020965576172 0 0
0.7119972705841064 0 0
0.7182474136352539 0 0
0.7238574028015137 0 0
0.7300763130187988 0 0
0.7363159656524658 0 0
0.7432544231414795 0 0
0.7494523525238037 0 0
0.7549400329589844 0 0
0.7611117362976074 0 0
0.7675201892852783 0 0
0.7732236385345459 0 0
0.7795829772949219 0 0
0.7850220203399658 0 0
0.7922248840332031 0 0
0.7989742755889893 0 0
0.8042020797729492 0 0
0.8106372356414795 0 0
0.817084789276123 0 0
0.8223044872283936 0 0
0.8288435935974121 0 0
0.8340938091278076 0 0
0.8413181304931641 0 0
0.8477697372436523 0 0
0.8534042835235596 0 0
0.859729528427124 0 0
0.8652055263519287 0 0
0.8713619709014893 0 0
0.8777673244476318 0 0
0.8833894729614258 0 0
0.8895840644836426 0 0
0.8970246315002441 0 0
0.9022266864776611 0 0
0.9089934825897217 0 0
0.9142043590545654 0 0
0.9208774566650391 0 0
0.9272956848144531 0 0
0.9327101707458496 0 0
0.9391350746154785 0 0
0.9457182884216309 0 0
0.9516527652740479 0 0
0.9579944610595703 0 0
0.9702343940734863 0 0
0.9771983623504639 0 0
0.9826560020446777 0 0
0.9891641139984131 0 0
0.9957852363586426 0 0
1.0019898414611816 0 0
