0.0010683536529541016 0 0
0.0075953006744384766 0 0
0.014332056045532227 0 -2
0.02092885971069336 -1 -6
0.02721238136291504 -1 -14
0.03294801712036133 -2 -30
0.03918647766113281 -3 -29
0.04485750198364258 -4 -71
0.058538198471069336 -7 -244
0.06509590148925781 -10 -297
0.07175087928771973 -13 -315
0.0785367488861084 -15 -370
0.08425736427307129 -17 -398
0.09069466590881348 -21 -433
0.09624814987182617 -25 -485
0.102630615234375 -27 -504
0.10904312133789062 -31 -549
0.11586236953735352 -35 -610
0.13135504722595215 -46 -660
0.13842988014221191 -51 -698
0.1441652774810791 -55 -726
0.15303587913513184 -63 -766
0.1605532169342041 -67 -788
0.17374873161315918 -79 -852
0.18532395362854004 -92 -890
0.20103836059570312 -107 -931
0.21271419525146484 -115 -976
0.22623562812805176 -131 -991
0.24062824249267578 -143 -1027
0.25212883949279785 -156 -1043
0.2658350467681885 -173 -1058
0.2802705764770508 -186 -1081
0.29165101051330566 -199 -1092
0.3001730442047119 -208 -1094
0.305713415145874 -215 -1103
0.3120260238647461 -221 -1105
0.3186933994293213 -228 -1112
0.32444286346435547 -235 -1113
0.33074355125427246 -241 -1118
0.3363018035888672 -255 -1125
0.3523578643798828 -266 -1130
0.36526966094970703 -282 -1132
0.3722841739654541 -289 -1134
0.378997802734375 -298 -1137
0.38468146324157715 -303 -1138
0.39096617698669434 -311 -1140
0.39847779273986816 -319 -1141
0.4042387008666992 -325 -1144
0.4105229377746582 -333 -1144
0.41608333587646484 -341 -1146
0.4223673343658447 -346 -1149
0.4288825988769531 -355 -1150
0.43460750579833984 -360 -1149
0.4410672187805176 -369 -1150
0.4533505439758301 -383 -1153
0.46137404441833496 -392 -1154
0.46834468841552734 -399 -1155
0.47396397590637207 -406 -1156
0.4805009365081787 -413 -1158
0.4861180782318115 -422 -1155
0.49266767501831055 -427 -1157
0.5003759860992432 -436 -1158
0.5059843063354492 -443 -1159
0.5122785568237305 -450 -1160
0.5188226699829102 -457 -1161
0.5245392322540283 -464 -1162
0.5308375358581543 -471 -1160
0.5367662906646729 -480 -1161
0.542888879776001 -487 -1160
0.5503778457641602 -494 -1161
0.5559830665588379 -501 -1162
0.5623874664306641 -508 -1161
0.568871021270752 -517 -1163
0.5746376514434814 -522 -1163
0.5809283256530762 -531 -1165
0.5872316360473633 -538 -1164
0.5929739475250244 -545 -1166
0.5993084907531738 -553 -1164
0.6060068607330322 -559 -1164
0.6122355461120605 -567 -1166
0.6189205646514893 -575 -1165
0.6246433258056641 -580 -1166
0.6309316158294678 -589 -1169
0.6372311115264893 -597 -1168
0.6429233551025391 -603 -1166
0.6492018699645996 -611 -1167
0.6560096740722656 -617 -1168
0.6622955799102783 -625 -1170
0.6688416004180908 -631 -1170
0.6745688915252686 -639 -1169
0.6810286045074463 -648 -1170
0.68772292137146 -655 -1169
0.6932163238525391 -662 -1170
0.6998860836029053 -669 -1169
0.7062661647796631 -679 -1171
0.7126357555389404 -683 -1170
0.7191050052642822 -693 -1171
0.7248055934906006 -697 -1170
0.7310733795166016 -707 -1172
0.7376630306243896 -713 -1173
0.7433371543884277 -721 -1174
0.7501952648162842 -728 -1172
0.757328987121582 -737 -1172
0.7630631923675537 -744 -1171
0.769338846206665 -751 -1171
0.7750449180603027 -758 -1172
0.7813422679901123 -765 -1171
0.7881803512573242 -772 -1172
0.7936909198760986 -779 -1171
0.8003115653991699 -787 -1172
0.8076400756835938 -796 -1170
0.8131706714630127 -803 -1170
0.8197517395019531 -810 -1169
0.8251032829284668 -817 -1170
0.8316426277160645 -824 -1170
0.8382260799407959 -831 -1169
0.84372878074646 -838 -1171
0.8551650047302246 -852 -1172
0.8631269931793213 -861 -1172
0.8699781894683838 -869 -1169
0.8752923011779785 -875 -1171
0.8820586204528809 -883 -1170
0.8886241912841797 -889 -1172
0.8943450450897217 -897 -1172
0.9006185531616211 -903 -1172
0.9081530570983887 -913 -1173
0.913719654083252 -920 -1173
0.9203283786773682 -927 -1173
0.9259185791015625 -934 -1170
0.9321820735931396 -941 -1172
0.938704252243042 -948 -1172
0.9444396495819092 -955 -1174
0.950702428817749 -963 -1174
0.9582653045654297 -971 -1173
0.9637749195098877 -979 -1173
0.9702754020690918 -986 -1172
0.9758427143096924 -993 -1176
0.9822962284088135 -1000 -1175
0.9888315200805664 -1007 -1173
0.994539737701416 -1014 -1176
1.0008604526519775 -1023 -1175
