0.0013256072998046875 0 0
0.007984161376953125 0 0
0.013615846633911133 0 0
0.019969940185546875 0 0
0.025841474533081055 0 0
0.031813621520996094 0 0
0.03815913200378418 0 2
0.044864654541015625 1 6
0.05134177207946777 1 30
0.05786538124084473 2 30
0.06357765197753906 2 30
0.06982803344726562 2 62
0.07536721229553223 3 79
0.08157706260681152 4 81
0.08812904357910156 4 96
0.09491276741027832 5 91
0.10114192962646484 6 91
0.10782122611999512 6 108
0.11349248886108398 7 111
0.11977362632751465 8 111
0.1252748966217041 9 126
0.13149690628051758 10 127
0.1379988193511963 11 134
0.14444565773010254 12 140
0.15100479125976562 12 146
0.15746569633483887 14 146
0.16310811042785645 14 151
0.16969609260559082 16 154
0.175248384475708 16 156
0.18154335021972656 18 159
0.18802142143249512 19 164
0.19472193717956543 20 159
0.20103049278259277 20 163
0.20751404762268066 22 164
0.21310114860534668 22 165
0.21942400932312012 24 168
0.2301030158996582 26 169
0.23814868927001953 27 173
0.24485039710998535 28 172
0.2512803077697754 29 176
0.2579338550567627 30 178
0.26363253593444824 32 176
0.2698988914489746 32 179
0.2757859230041504 34 180
0.28177809715270996 34 183
0.28832125663757324 36 184
0.29491162300109863 38 185
0.3011898994445801 38 187
0.3076801300048828 40 187
0.3133993148803711 40 189
0.3196725845336914 42 189
0.32520055770874023 44 185
0.3314502239227295 44 185
0.33799147605895996 46 185
0.34368348121643066 46 185
0.3511662483215332 48 187
0.3576483726501465 49 186
0.3640248775482178 50 184
0.3704700469970703 52 186
0.37729525566101074 52 186
0.3827807903289795 54 189
0.38924121856689453 55 186
0.39589881896972656 56 186
0.40201306343078613 58 187
0.4084360599517822 58 188
0.41408252716064453 60 192
0.4203472137451172 61 194
0.42710304260253906 62 194
0.43242859840393066 64 193
0.4390840530395508 64 191
0.4443819522857666 66 192
0.45174407958984375 67 189
0.4581186771392822 68 189
0.46384525299072266 69 189
0.47029614448547363 70 185
0.47685742378234863 72 188
0.4823496341705322 73 191
0.48900437355041504 74 185
0.4942970275878906 75 189
0.5017271041870117 76 186
0.5081272125244141 78 190
0.513787031173706 78 192
0.520073413848877 80 186
0.5263473987579346 81 189
0.5321650505065918 82 187
0.5384247303009033 84 193
0.5440678596496582 84 195
0.5514023303985596 86 194
0.5579142570495605 87 193
0.5636281967163086 88 193
0.581183671951294 92 190
0.5951554775238037 95 188
0.6194825172424316 98 189
0.6376216411590576 102 187
0.6639072895050049 107 195
0.6701643466949463 108 198
0.6767375469207764 110 194
0.6822104454040527 111 193
0.688460111618042 112 193
0.6941390037536621 114 195
0.7014539241790771 114 196
0.7081396579742432 116 192
0.7138237953186035 116 190
0.720099925994873 118 190
0.7263796329498291 120 188
0.7320380210876465 120 189
0.7383248805999756 122 186
0.7440404891967773 122 190
0.7512362003326416 124 189
0.7579727172851562 126 189
0.7636501789093018 126 188
0.7700986862182617 128 185
0.7763679027557373 129 189
0.7820694446563721 130 189
0.7883477210998535 131 192
0.7940666675567627 132 193
0.8003020286560059 134 192
0.8078906536102295 134 193
0.8135933876037598 136 193
0.8199045658111572 137 194
0.8258316516876221 138 195
0.8320832252502441 140 190
0.8383839130401611 140 190
0.8440554141998291 142 190
0.8503379821777344 143 189
0.8578493595123291 144 190
0.8635482788085938 145 186
0.8698084354400635 146 188
0.8753108978271484 148 189
0.8815665245056152 148 185
0.8882300853729248 150 189
0.8939132690429688 151 187
0.9001636505126953 152 188
0.9075734615325928 154 190
0.9132981300354004 154 193
0.919550895690918 156 194
0.9251058101654053 157 194
0.9313294887542725 158 195
0.9378211498260498 160 194
0.9435544013977051 160 194
0.9499554634094238 162 194
0.9574987888336182 163 190
0.9631915092468262 164 190
0.9694778919219971 166 190
0.97505784034729 166 189
0.9812872409820557 168 191
0.9877758026123047 169 186
0.9934751987457275 170 190
0.9997351169586182 172 190
1.00746750831604 172 193
