0.0013289451599121094 0 0
0.009141921997070312 0 0
0.01441645622253418 0 -2
0.02119302749633789 0 -2
0.027666568756103516 0 -2
0.03339338302612305 -1 -13
0.03963828086853027 -2 -24
0.04518008232116699 -4 -40
0.05138087272644043 -4 -198
0.05911564826965332 -7 -225
0.06442999839782715 -8 -271
0.07586979866027832 -13 -332
0.08409285545349121 -16 -382
0.09051704406738281 -19 -391
0.09738421440124512 -22 -445
0.10290050506591797 -24 -450
0.11030364036560059 -29 -497
0.11711001396179199 -32 -521
0.12240886688232422 -36 -534
0.12923359870910645 -39 -561
0.1345369815826416 -43 -589
0.14110970497131348 -46 -607
0.147782564163208 -50 -631
0.15349388122558594 -54 -646
0.16050958633422852 -60 -654
0.1673755645751953 -64 -675
0.17293953895568848 -68 -699
0.17940306663513184 -72 -712
0.18642759323120117 -78 -720
0.19231462478637695 -83 -731
0.1988997459411621 -88 -742
0.20425128936767578 -92 -765
0.21156907081604004 -97 -774
0.2180795669555664 -103 -784
0.22378826141357422 -106 -785
0.23005127906799316 -113 -795
0.23640680313110352 -118 -806
0.24209809303283691 -122 -814
0.24853157997131348 -128 -823
0.2542285919189453 -132 -828
0.26154637336730957 -138 -835
0.2680797576904297 -144 -846
0.2737703323364258 -148 -853
0.2802250385284424 -155 -858
0.28684353828430176 -160 -856
0.2923398017883301 -166 -865
0.2989208698272705 -171 -874
0.3043341636657715 -176 -880
0.31110262870788574 -183 -881
0.31839442253112793 -188 -883
0.3241100311279297 -194 -899
0.3304152488708496 -199 -899
0.3372035026550293 -204 -901
0.3425002098083496 -210 -897
0.3491535186767578 -216 -910
0.35447144508361816 -221 -914
0.3609933853149414 -226 -911
0.368410587310791 -234 -910
0.3740980625152588 -240 -923
0.3803904056549072 -245 -926
0.3871939182281494 -250 -920
0.3925306797027588 -256 -925
0.3992729187011719 -262 -926
0.4048030376434326 -268 -934
0.4112367630004883 -273 -935
0.41843628883361816 -280 -931
0.42415285110473633 -286 -932
0.4308171272277832 -292 -939
0.43738508224487305 -297 -941
0.4429013729095459 -303 -934
0.44939279556274414 -308 -941
0.45496320724487305 -314 -943
0.46123242378234863 -320 -945
0.4688587188720703 -328 -941
0.48023295402526855 -339 -949
0.4883120059967041 -346 -946
0.49399399757385254 -350 -943
0.5004832744598389 -358 -946
0.5074100494384766 -364 -945
0.5129406452178955 -369 -947
0.5202093124389648 -376 -943
0.5268244743347168 -382 -947
0.5323245525360107 -388 -950
0.5392565727233887 -394 -946
0.5448126792907715 -400 -947
0.5512716770172119 -405 -948
0.5577983856201172 -411 -951
0.5635225772857666 -416 -944
0.5707776546478271 -424 -949
0.57737135887146 -430 -950
0.5828676223754883 -436 -954
0.5893359184265137 -442 -953
0.5948898792266846 -447 -950
0.6011984348297119 -453 -955
0.6078143119812012 -458 -956
0.6135203838348389 -464 -955
0.6204516887664795 -472 -952
0.6271934509277344 -478 -955
0.6324713230133057 -484 -957
0.6391494274139404 -489 -958
0.6444656848907471 -494 -957
0.6510062217712402 -500 -957
0.6575279235839844 -506 -959
0.6632723808288574 -512 -957
0.6704318523406982 -520 -954
0.6771993637084961 -526 -957
0.6825246810913086 -531 -958
0.6893031597137451 -537 -960
0.6948328018188477 -542 -959
0.701134204864502 -548 -960
0.7076892852783203 -554 -962
0.7134149074554443 -560 -961
0.720515251159668 -568 -961
0.7274792194366455 -574 -960
0.7331137657165527 -580 -965
0.7394933700561523 -585 -961
0.7450709342956543 -591 -959
0.751373291015625 -596 -958
0.7578778266906738 -602 -964
0.7636010646820068 -608 -962
0.7709383964538574 -616 -956
0.7774879932403564 -622 -958
0.783123254776001 -628 -964
0.789625883102417 -633 -959
0.7952005863189697 -639 -957
0.8016304969787598 -644 -957
0.8081812858581543 -652 -963
0.8139064311981201 -656 -959
0.821211576461792 -664 -957
0.8278138637542725 -670 -959
0.8335261344909668 -676 -962
0.8398032188415527 -681 -960
0.8453314304351807 -689 -959
0.8520631790161133 -694 -960
0.8583486080169678 -700 -962
0.8640272617340088 -706 -959
0.8713963031768799 -712 -958
0.8836362361907959 -724 -962
0.8900661468505859 -731 -958
0.896376371383667 -736 -957
0.9022660255432129 -742 -957
0.9092583656311035 -748 -957
0.9148209095001221 -754 -954
0.9220914840698242 -762 -954
0.9285261631011963 -768 -955
0.9342422485351562 -773 -961
0.9405176639556885 -779 -961
0.9473140239715576 -784 -953
0.9528195858001709 -790 -957
0.9593296051025391 -796 -959
0.9648704528808594 -802 -955
0.9713172912597656 -810 -954
0.9789309501647949 -816 -955
0.9842720031738281 -821 -962
0.9908099174499512 -827 -960
0.9974069595336914 -832 -953
1.0029296875 -838 -959
