0.001710653305053711 0 0
0.00795888900756836 0 0
0.014670133590698242 0 0
0.019995450973510742 0 0
0.026621103286743164 0 0
0.03412222862243652 0 0
0.03979897499084473 0 0
0.0460362434387207 -1 -9
0.05259251594543457 -2 -9
0.05805802345275879 -2 -17
0.06468772888183594 -2 -17
0.07003140449523926 -2 -66
0.07626080513000488 -3 -72
0.08295845985412598 -4 -78
0.08941793441772461 -4 -78
0.09583640098571777 -5 -98
0.10173416137695312 -6 -90
0.10802268981933594 -6 -90
0.11460232734680176 -8 -109
0.11998629570007324 -8 -111
0.12653398513793945 -9 -119
0.1331157684326172 -10 -122
0.13951468467712402 -10 -133
0.15261387825012207 -12 -133
0.15853548049926758 -14 -140
0.16515612602233887 -14 -141
0.17072224617004395 -15 -144
0.17713236808776855 -16 -144
0.18364334106445312 -17 -149
0.19018268585205078 -18 -150
0.1966865062713623 -19 -154
0.2031869888305664 -20 -154
0.2086808681488037 -21 -154
0.21528863906860352 -22 -152
0.22089457511901855 -23 -156
0.22713112831115723 -24 -155
0.23383021354675293 -25 -157
0.24060750007629395 -26 -160
0.24694585800170898 -27 -161
0.2534501552581787 -28 -159
0.25913190841674805 -29 -164
0.26543450355529785 -30 -164
0.27306175231933594 -32 -170
0.27857375144958496 -32 -170
0.28505396842956543 -34 -169
0.2917604446411133 -35 -173
0.297818660736084 -36 -171
0.30413246154785156 -37 -173
0.3098282814025879 -38 -174
0.3161332607269287 -39 -173
0.32291483879089355 -40 -172
0.3282170295715332 -41 -174
0.3350942134857178 -42 -175
0.34217286109924316 -44 -175
0.3478686809539795 -44 -174
0.35417652130126953 -46 -167
0.35987353324890137 -46 -173
0.3662993907928467 -48 -172
0.3730745315551758 -48 -172
0.37862515449523926 -50 -175
0.38509702682495117 -50 -175
0.3922085762023926 -52 -172
0.39803457260131836 -53 -176
0.40459609031677246 -54 -176
0.4100046157836914 -56 -181
0.41626954078674316 -56 -181
0.42300915718078613 -58 -178
0.4282877445220947 -58 -178
0.43500804901123047 -60 -179
0.4417307376861572 -61 -181
0.44783568382263184 -62 -182
0.454272985458374 -63 -183
0.45996642112731934 -64 -182
0.46657824516296387 -66 -180
0.4731588363647461 -66 -180
0.4786651134490967 -68 -182
0.48512768745422363 -68 -179
0.4921717643737793 -70 -177
0.49807119369506836 -71 -179
0.5046756267547607 -72 -178
0.5100183486938477 -74 -180
0.5166547298431396 -74 -179
0.5231971740722656 -76 -177
0.5287003517150879 -76 -180
0.5351543426513672 -78 -182
0.5468020439147949 -80 -184
0.554302453994751 -82 -181
0.5599884986877441 -82 -185
0.5666482448577881 -84 -185
0.5734665393829346 -84 -186
0.5792269706726074 -86 -187
0.5855062007904053 -87 -187
0.5929124355316162 -88 -184
0.5982751846313477 -90 -187
0.6050140857696533 -90 -183
0.6105499267578125 -92 -186
0.6168782711029053 -93 -185
0.6235196590423584 -94 -181
0.6292099952697754 -95 -182
0.6356751918792725 -96 -182
0.6412241458892822 -98 -183
0.6486384868621826 -98 -183
0.6551222801208496 -100 -182
0.6606416702270508 -101 -185
0.666956901550293 -102 -186
0.6734514236450195 -103 -188
0.6791741847991943 -104 -188
0.6854417324066162 -106 -185
0.6910080909729004 -107 -184
0.6986896991729736 -108 -187
0.7051582336425781 -109 -190
0.7111237049102783 -112 -187
0.7367303371429443 -115 -190
0.7537612915039062 -118 -185
0.7605760097503662 -120 -183
0.7670028209686279 -121 -182
0.7736783027648926 -122 -186
0.7793745994567871 -123 -183
0.7856321334838867 -124 -183
0.7911782264709473 -126 -188
0.7986981868743896 -127 -185
0.805185079574585 -128 -190
0.8107531070709229 -129 -188
0.8171348571777344 -130 -187
0.8236303329467773 -132 -190
0.8293743133544922 -132 -191
0.8356244564056396 -134 -191
0.8411774635314941 -135 -192
0.8486440181732178 -136 -189
0.8551332950592041 -138 -192
0.8606810569763184 -138 -186
0.8669648170471191 -140 -192
0.8735809326171875 -141 -190
0.8792808055877686 -142 -183
0.8857135772705078 -143 -185
0.8916587829589844 -144 -184
0.898578405380249 -146 -188
0.9050590991973877 -147 -186
0.910595178604126 -148 -184
0.9169201850891113 -149 -188
0.9233999252319336 -150 -188
0.9291477203369141 -151 -189
0.9355888366699219 -152 -189
0.9411025047302246 -156 -191
0.9736788272857666 -160 -190
0.9831118583679199 -162 -191
0.996229887008667 -164 -190
1.003915548324585 -166 -184
