0.0013074874877929688 0 0
0.008187294006347656 0 0
0.013659477233886719 0 0
0.020112991333007812 0 3
0.02669548988342285 1 9
0.032396554946899414 1 9
0.03993558883666992 1 84
0.04658985137939453 3 90
0.052330732345581055 3 40
0.05866098403930664 4 113
0.06422090530395508 5 147
0.07046985626220703 7 164
0.07703018188476562 8 187
0.08271217346191406 9 189
0.09002876281738281 11 200
0.09669256210327148 12 222
0.10239720344543457 13 237
0.10874652862548828 15 249
0.11430668830871582 17 256
0.12073969841003418 19 269
0.12712478637695312 21 283
0.13283276557922363 22 294
0.14020586013793945 25 301
0.14675402641296387 27 314
0.1524515151977539 29 327
0.15887808799743652 31 340
0.16528749465942383 33 343
0.17100763320922852 36 350
0.17774486541748047 38 354
0.18312621116638184 40 359
0.19045400619506836 43 363
0.19699478149414062 45 369
0.20269513130187988 47 381
0.20897722244262695 50 385
0.21527838706970215 53 395
0.22117900848388672 55 398
0.2278902530670166 57 398
0.23320865631103516 59 397
0.2397136688232422 62 398
0.2525193691253662 67 406
0.2601182460784912 71 411
0.26685118675231934 73 417
0.2725675106048584 75 423
0.27912020683288574 79 425
0.28572630882263184 81 425
0.29233741760253906 84 426
0.29863882064819336 87 421
0.3042421340942383 90 422
0.3108057975769043 91 427
0.3171870708465576 95 428
0.32287144660949707 97 434
0.32917070388793945 101 438
0.3361339569091797 103 441
0.3424947261810303 106 439
0.3488140106201172 109 438
0.35434889793395996 112 435
0.3606884479522705 113 437
0.3671553134918213 117 437
0.37283897399902344 119 437
0.3791682720184326 123 441
0.3857765197753906 125 449
0.3912944793701172 129 446
0.3994140625 131 447
0.40624189376831055 134 440
0.41174936294555664 137 442
0.4182572364807129 139 442
0.42380523681640625 142 444
0.4301033020019531 145 448
0.43677735328674316 147 452
0.4425015449523926 150 452
0.44976806640625 154 451
0.4564526081085205 157 448
0.4621870517730713 159 445
0.4684624671936035 162 445
0.4740471839904785 165 445
0.4803290367126465 167 449
0.4868600368499756 170 449
0.49257326126098633 173 456
0.49983739852905273 177 456
0.5063791275024414 179 450
0.5120139122009277 181 445
0.5185379981994629 185 447
0.5240812301635742 187 446
0.5303583145141602 189 447
0.5369384288787842 193 451
0.5426657199859619 195 453
0.5498199462890625 199 459
0.5563509464263916 201 452
0.5619552135467529 204 450
0.568528413772583 207 447
0.5740694999694824 209 447
0.5804471969604492 213 448
0.586951494216919 216 447
0.5926814079284668 218 451
0.6000118255615234 221 458
0.6065175533294678 224 457
0.6122174263000488 227 453
0.6184830665588379 229 448
0.6240739822387695 232 448
0.6303262710571289 235 451
0.637016773223877 239 450
0.6426684856414795 241 454
0.6565923690795898 247 461
0.6623222827911377 249 457
0.6688377857208252 252 453
0.6747844219207764 256 450
0.6810438632965088 259 449
0.6874206066131592 261 450
0.693117618560791 264 454
0.7007114887237549 267 457
0.707103967666626 271 459
0.7128241062164307 272 458
0.7190954685211182 276 455
0.725715160369873 279 450
0.7312276363372803 281 450
0.7379019260406494 284 450
0.7432210445404053 287 451
0.750699520111084 289 455
0.7572495937347412 293 460
0.7630023956298828 296 459
0.7692902088165283 299 459
0.776064395904541 301 451
0.7813804149627686 304 452
0.7880733013153076 307 451
0.7933764457702637 309 453
0.8008980751037598 313 457
0.8072378635406494 316 460
0.8129982948303223 319 466
0.8197152614593506 321 459
0.8264691829681396 324 456
0.8322134017944336 327 451
0.8384649753570557 329 452
0.8440489768981934 333 449
0.8513314723968506 336 451
0.8580203056335449 339 459
0.8633253574371338 341 463
0.8698444366455078 345 461
0.8765501976013184 347 456
0.8823010921478271 350 451
0.8885867595672607 353 451
0.8941531181335449 356 452
0.9004156589508057 359 454
0.9080710411071777 361 457
0.913355827331543 365 463
0.9199490547180176 367 461
0.9264464378356934 370 457
0.9321801662445068 373 456
0.9386105537414551 375 453
0.9441490173339844 379 452
0.950437068939209 381 454
0.9582772254943848 385 456
0.9639112949371338 387 461
0.9701797962188721 390 462
0.9767329692840576 393 461
0.9824292659759521 395 456
0.9887032508850098 398 450
0.9942953586578369 402 451
1.0009384155273438 405 452
