0.00368499755859375 0 0
0.01815056800842285 0 0
0.02363872528076172 0 0
0.02984786033630371 0 0
0.03630566596984863 0 2
0.04201507568359375 1 67
0.048974037170410156 2 13
0.05576348304748535 4 99
0.06125354766845703 5 195
0.06781339645385742 7 228
0.07334613800048828 9 278
0.07981085777282715 11 293
0.08628487586975098 13 333
0.09197807312011719 16 383
0.09930634498596191 19 401
0.10587072372436523 22 451
0.11136627197265625 25 479
0.11788129806518555 28 517
0.12343788146972656 32 562
0.1298503875732422 36 595
0.13650012016296387 41 616
0.14220547676086426 44 644
0.1495816707611084 50 690
0.1561124324798584 54 718
0.1617872714996338 59 741
0.16802382469177246 64 772
0.17365097999572754 68 794
0.17989706993103027 74 812
0.1864628791809082 78 835
0.1921391487121582 84 863
0.19958114624023438 91 883
0.2061021327972412 96 900
0.2118370532989502 102 918
0.21811556816101074 108 939
0.22366786003112793 114 953
0.22990751266479492 120 965
0.23644685745239258 126 981
0.2421586513519287 132 997
0.24947047233581543 140 1010
0.25617051124572754 146 1019
0.26190710067749023 152 1030
0.2682013511657715 158 1046
0.27373528480529785 167 1055
0.28000450134277344 171 1056
0.2864856719970703 178 1067
0.2921586036682129 184 1072
0.29843735694885254 193 1084
0.30600833892822266 200 1091
0.3116414546966553 206 1099
0.3181445598602295 212 1102
0.3236722946166992 220 1108
0.3362538814544678 233 1119
0.34436583518981934 244 1126
0.35184168815612793 251 1130
0.3582780361175537 258 1134
0.3638191223144531 267 1139
0.370591402053833 274 1144
0.3773324489593506 281 1149
0.38272953033447266 288 1150
0.38947415351867676 295 1158
0.3959774971008301 302 1159
0.40242719650268555 308 1164
0.4087355136871338 318 1167
0.4153447151184082 325 1169
0.42084765434265137 332 1175
0.4275321960449219 340 1177
0.4328346252441406 346 1182
0.43959474563598633 354 1185
0.4460897445678711 360 1186
0.45256829261779785 370 1190
0.4692554473876953 390 1194
0.4759402275085449 396 1199
0.4821159839630127 404 1198
0.4897620677947998 414 1204
0.49773478507995605 423 1200
0.5082769393920898 435 1205
0.5220575332641602 452 1204
0.5356097221374512 468 1200
0.5485107898712158 488 1207
0.5620782375335693 500 1201
0.5757474899291992 517 1203
0.5886304378509521 536 1210
0.6001119613647461 546 1208
0.6149260997772217 568 1203
0.626624584197998 584 1206
0.638606071472168 594 1203
0.644920825958252 601 1205
0.6507823467254639 608 1206
0.6573882102966309 616 1202
0.6627597808837891 623 1205
0.6692726612091064 630 1206
0.6794800758361816 642 1208
0.6921765804290771 656 1206
0.703596830368042 671 1203
0.7105660438537598 680 1195
0.716834545135498 688 1190
0.72257399559021 695 1182
0.7288241386413574 707 1189
0.7422966957092285 716 1190
0.7487280368804932 726 1195
0.755347728729248 733 1199
0.7609882354736328 740 1199
0.7796716690063477 762 1205
0.7958261966705322 782 1202
0.8113174438476562 800 1205
0.8188679218292236 810 1203
0.8257861137390137 818 1207
0.8313508033752441 825 1207
0.8379678726196289 834 1205
0.8453762531280518 842 1208
0.8508706092834473 849 1207
0.8577404022216797 856 1205
0.8633105754852295 864 1210
0.8696212768554688 870 1209
0.8761429786682129 878 1209
0.8818602561950684 885 1208
0.8881552219390869 895 1207
0.8957014083862305 902 1212
0.9010007381439209 910 1210
0.9078574180603027 916 1213
0.9133758544921875 924 1209
0.9198334217071533 931 1208
0.9263198375701904 938 1212
0.932044267654419 946 1211
0.9383053779602051 953 1209
0.9458820819854736 962 1212
0.9513881206512451 970 1210
0.9579207897186279 977 1213
0.9634807109832764 984 1214
0.9697139263153076 992 1212
0.9763550758361816 999 1211
0.982062578201294 1006 1211
0.9883472919464111 1014 1215
0.9959192276000977 1023 1212
1.0014293193817139 1030 1210
