0.0013086795806884766 0 0
0.00795125961303711 0 0
0.01438140869140625 0 0
0.02004718780517578 0 0
0.026440858840942383 0 0
0.03323960304260254 0 0
0.03969693183898926 -1 -15
0.046170711517333984 -2 -40
0.052767038345336914 -3 -11
0.058304786682128906 -4 -62
0.06516122817993164 -5 -131
0.07068133354187012 -6 -159
0.07700395584106445 -7 -194
0.08351373672485352 -8 -195
0.0899510383605957 -10 -248
0.09622859954833984 -12 -212
0.10279345512390137 -13 -228
0.10869336128234863 -14 -231
0.11522102355957031 -16 -263
0.12810325622558594 -20 -276
0.1349337100982666 -22 -290
0.14134740829467773 -24 -293
0.14801979064941406 -26 -307
0.15478515625 -28 -316
0.16014480590820312 -30 -331
0.16694164276123047 -32 -340
0.17347073554992676 -35 -339
0.1792006492614746 -37 -348
0.18546843528747559 -39 -348
0.19318509101867676 -42 -350
0.19869518280029297 -44 -361
0.20517492294311523 -46 -369
0.21071553230285645 -48 -379
0.21708893775939941 -51 -384
0.22376489639282227 -54 -387
0.22949814796447754 -56 -394
0.23581552505493164 -58 -390
0.2441103458404541 -62 -394
0.24980807304382324 -64 -391
0.2561197280883789 -67 -396
0.2626950740814209 -69 -399
0.2681901454925537 -72 -403
0.2747776508331299 -74 -409
0.28018712997436523 -77 -413
0.2868649959564209 -79 -417
0.2941110134124756 -82 -419
0.2998077869415283 -84 -417
0.3061215877532959 -88 -417
0.3127729892730713 -90 -413
0.31827688217163086 -92 -417
0.3251631259918213 -95 -421
0.3307206630706787 -98 -426
0.3370506763458252 -100 -431
0.3449370861053467 -104 -433
0.35025858879089355 -106 -433
0.35678935050964355 -109 -430
0.3633275032043457 -112 -428
0.36896800994873047 -114 -427
0.3753538131713867 -117 -431
0.3809943199157715 -120 -431
0.3872687816619873 -122 -435
0.39502787590026855 -126 -441
0.40035486221313477 -128 -441
0.4070620536804199 -131 -438
0.41358375549316406 -134 -436
0.4193265438079834 -136 -432
0.4256551265716553 -138 -435
0.4311947822570801 -142 -439
0.4374725818634033 -144 -440
0.44542622566223145 -148 -447
0.45102691650390625 -150 -444
0.457472562789917 -153 -447
0.46410703659057617 -156 -442
0.46985435485839844 -158 -439
0.47616147994995117 -162 -435
0.48276400566101074 -164 -438
0.4882943630218506 -167 -441
0.4956514835357666 -170 -445
0.5011935234069824 -173 -449
0.5074656009674072 -175 -451
0.5139989852905273 -178 -450
0.5268175601959229 -184 -442
0.5335385799407959 -186 -441
0.5393099784851074 -189 -444
0.5467569828033447 -193 -447
0.5534582138061523 -196 -452
0.5591826438903809 -198 -452
0.5654933452606201 -201 -453
0.5710766315460205 -204 -445
0.5773530006408691 -206 -444
0.5840640068054199 -210 -438
0.5897655487060547 -212 -440
0.5970501899719238 -215 -445
0.6035747528076172 -218 -449
0.6093113422393799 -220 -450
0.6155667304992676 -224 -453
0.6211304664611816 -226 -449
0.6274302005767822 -228 -447
0.6339278221130371 -232 -445
0.63966965675354 -234 -444
0.6471583843231201 -238 -448
0.6537206172943115 -240 -447
0.6594531536102295 -243 -453
0.6657443046569824 -246 -451
0.6713290214538574 -250 -454
0.6777355670928955 -251 -447
0.6841723918914795 -254 -448
0.6899235248565674 -256 -440
0.6973192691802979 -260 -443
0.7040421962738037 -264 -445
0.7097406387329102 -266 -449
0.7161948680877686 -269 -454
0.722801923751831 -272 -454
0.7282941341400146 -274 -455
0.7349748611450195 -277 -448
0.7403359413146973 -280 -446
0.7477922439575195 -282 -446
0.7541859149932861 -286 -446
0.7598810195922852 -288 -450
0.7663640975952148 -292 -456
0.7731468677520752 -294 -452
0.7786822319030762 -297 -450
0.78515625 -300 -449
0.7907388210296631 -302 -446
0.7980902194976807 -306 -443
0.8044087886810303 -308 -443
0.8100936412811279 -311 -449
0.8166935443878174 -314 -451
0.8234272003173828 -317 -453
0.8292055130004883 -320 -457
0.8354487419128418 -322 -455
0.8410439491271973 -325 -449
0.8484182357788086 -328 -448
0.8551690578460693 -331 -443
0.8607158660888672 -334 -448
0.8670618534088135 -336 -450
0.873558521270752 -340 -456
0.87931227684021 -342 -455
0.8857805728912354 -344 -456
0.8913428783416748 -348 -450
0.8988306522369385 -351 -449
0.9053351879119873 -354 -444
0.9109139442443848 -356 -453
0.917245626449585 -362 -451
0.9295971393585205 -364 -453
0.9360742568969727 -368 -455
0.9427237510681152 -371 -451
0.9496581554412842 -374 -451
0.9561142921447754 -377 -448
0.9627442359924316 -380 -448
0.968273401260376 -382 -450
0.9751622676849365 -386 -452
0.9807147979736328 -388 -458
0.9870285987854004 -391 -457
0.9935765266418457 -394 -458
1.0000450611114502 -397 -449
