0.0014770030975341797 0 0
0.0069658756256103516 0 0
0.013436317443847656 0 0
0.020032167434692383 0 0
0.025694608688354492 0 0
0.03263735771179199 1 26
0.039627790451049805 2 9
0.04523181915283203 3 198
0.05157017707824707 4 171
0.05712246894836426 6 194
0.06343340873718262 8 211
0.06992936134338379 9 253
0.07561707496643066 11 288
0.08295297622680664 14 316
0.08951306343078613 16 343
0.09499096870422363 18 348
0.10161304473876953 20 381
0.10720539093017578 23 389
0.11345195770263672 26 404
0.11995673179626465 28 421
0.1256716251373291 31 433
0.13193011283874512 35 462
0.13965129852294922 38 479
0.14527225494384766 41 495
0.15164685249328613 44 504
0.15721416473388672 47 509
0.16369318962097168 50 519
0.1701810359954834 54 526
0.1758880615234375 56 537
0.1821582317352295 62 559
0.18966341018676758 65 568
0.1953566074371338 68 579
0.20163822174072266 72 583
0.20724201202392578 76 586
0.21346712112426758 79 588
0.2200944423675537 82 598
0.22580647468566895 86 612
0.23207306861877441 90 618
0.23959922790527344 95 622
0.2452554702758789 99 625
0.2515735626220703 103 627
0.2571139335632324 106 635
0.26340222358703613 110 647
0.2700765132904053 114 651
0.2757420539855957 118 652
0.28218555450439453 124 652
0.29619359970092773 133 663
0.3026432991027832 137 669
0.3095729351043701 141 674
0.3153812885284424 145 671
0.3218085765838623 149 670
0.3273465633392334 153 672
0.3335738182067871 157 678
0.34146714210510254 163 685
0.34701967239379883 167 687
0.3533148765563965 171 686
0.35980701446533203 175 682
0.3654956817626953 179 690
0.3717520236968994 184 694
0.37732839584350586 188 696
0.3836064338684082 192 695
0.39135169982910156 198 692
0.39688992500305176 202 694
0.4033694267272949 206 699
0.40993714332580566 210 700
0.4156179428100586 214 703
0.42188429832458496 218 702
0.4274168014526367 224 696
0.43367552757263184 227 699
0.4419403076171875 232 707
0.4474680423736572 238 709
0.4536869525909424 241 707
0.46034836769104004 246 706
0.46605801582336426 250 701
0.4723191261291504 255 709
0.47890663146972656 260 713
0.48456883430480957 264 713
0.4919016361236572 268 707
0.49745988845825195 274 705
0.503716230392456 276 708
0.5102195739746094 282 715
0.5159320831298828 285 716
0.5224189758300781 290 713
0.5289726257324219 295 707
0.5346167087554932 299 707
0.542057991027832 304 713
0.5479633808135986 309 717
0.5539567470550537 312 713
0.5605335235595703 318 710
0.5662360191345215 322 710
0.5725409984588623 326 711
0.579439640045166 330 714
0.5849475860595703 335 715
0.592167854309082 340 712
0.5984747409820557 345 707
0.6042170524597168 349 713
0.6105246543884277 354 718
0.6162295341491699 358 718
0.6225051879882812 362 714
0.629270076751709 366 709
0.6345984935760498 370 710
0.6421828269958496 376 718
0.6484866142272949 380 721
0.6541931629180908 385 721
0.6606063842773438 389 714
0.6663191318511963 394 711
0.6726055145263672 398 714
0.679368257522583 402 720
0.6901645660400391 411 718
0.6975855827331543 416 712
0.7043254375457764 421 716
0.7111454010009766 425 722
0.7164974212646484 430 718
0.7232222557067871 434 718
0.7297365665435791 438 712
0.7354393005371094 442 714
0.7416841983795166 448 722
0.7492280006408691 452 721
0.7545318603515625 456 723
0.7613916397094727 461 714
0.7669579982757568 466 709
0.7732734680175781 470 720
0.7797775268554688 474 719
0.7854845523834229 478 718
0.7919299602508545 482 716
0.7993333339691162 488 712
0.8048672676086426 492 715
0.8113985061645508 497 721
0.8169271945953369 501 716
0.8233451843261719 506 717
0.8298764228820801 510 711
0.8355951309204102 514 715
0.841853141784668 518 721
0.8494772911071777 524 720
0.8549659252166748 528 719
0.8614559173583984 533 715
0.8669741153717041 537 713
0.873284101486206 542 716
0.8799271583557129 546 718
0.8856196403503418 550 721
0.8918964862823486 554 717
0.8994708061218262 560 714
0.9049744606018066 564 715
0.9114511013031006 568 723
0.9170055389404297 573 721
0.9234879016876221 577 717
0.9299788475036621 582 717
0.9357144832611084 586 714
0.9421358108520508 592 723
0.9497058391571045 596 722
0.9554064273834229 600 718
0.9616475105285645 604 717
0.9672529697418213 609 713
0.9734556674957275 613 721
0.9799818992614746 618 723
0.9857144355773926 622 723
0.9919278621673584 626 721
0.999657154083252 632 715
1.0053887367248535 636 716
