0.0013210773468017578 0 0
0.007992982864379883 0 0
0.013663768768310547 0 2
0.02002549171447754 1 6
0.025902509689331055 1 6
0.03347969055175781 2 88
0.03976106643676758 3 17
0.04528379440307617 5 142
0.05179882049560547 5 198
0.05818963050842285 7 211
0.06397461891174316 9 235
0.07021379470825195 11 290
0.07839035987854004 15 333
0.08514761924743652 17 386
0.09155058860778809 19 404
0.09801745414733887 23 432
0.1036829948425293 25 475
0.10995316505432129 29 498
0.1158437728881836 33 511
0.12182021141052246 35 534
0.12816619873046875 40 559
0.13451695442199707 43 593
0.14109158515930176 47 611
0.14775705337524414 51 634
0.1534440517425537 55 646
0.15971803665161133 59 659
0.16527700424194336 65 677
0.17151522636413574 67 694
0.17816948890686035 73 716
0.18488502502441406 78 731
0.19118642807006836 83 736
0.19766569137573242 87 746
0.20337176322937012 91 759
0.2097933292388916 97 779
0.21532821655273438 103 788
0.2215557098388672 106 791
0.2280733585357666 113 797
0.23450922966003418 117 813
0.2410883903503418 123 824
0.24759888648986816 127 829
0.25333118438720703 133 832
0.25955891609191895 137 839
0.2651393413543701 143 851
0.271528959274292 148 857
0.27801513671875 155 863
0.28435611724853516 160 865
0.2908945083618164 165 873
0.29743504524230957 171 881
0.30293798446655273 176 885
0.3142669200897217 187 891
0.32162952423095703 192 900
0.3284468650817871 199 898
0.33515334129333496 205 901
0.34154629707336426 210 906
0.34805941581726074 217 914
0.35376858711242676 221 915
0.3600270748138428 229 913
0.36591315269470215 234 913
0.37201738357543945 239 920
0.378371000289917 245 925
0.385026216506958 251 924
0.3915102481842041 256 923
0.39797234535217285 262 928
0.40369224548339844 267 935
0.409984827041626 273 934
0.415926456451416 281 933
0.42191267013549805 285 935
0.4283299446105957 292 937
0.4340550899505615 297 940
0.4415285587310791 303 938
0.44817328453063965 311 942
0.453859806060791 315 945
0.4601597785949707 322 940
0.4676487445831299 327 942
0.4733695983886719 333 945
0.4796407222747803 339 950
0.48517942428588867 347 950
0.4923665523529053 352 946
0.49903416633605957 358 949
0.504340410232544 363 953
0.5110759735107422 369 950
0.5175952911376953 375 947
0.5233092308044434 381 953
0.5295436382293701 387 955
0.535132884979248 392 952
0.5424013137817383 399 945
0.5490691661834717 405 953
0.5543732643127441 411 959
0.5609011650085449 417 959
0.5676331520080566 423 953
0.5733516216278076 429 956
0.5796341896057129 435 959
0.5851757526397705 440 956
0.5924723148345947 447 953
0.5991311073303223 453 958
0.604454755783081 459 960
0.6109604835510254 465 959
0.6174840927124023 471 955
0.6232659816741943 477 960
0.629680871963501 482 961
0.6352505683898926 490 957
0.6427688598632812 495 955
0.6493051052093506 501 959
0.6548192501068115 507 963
0.6611218452453613 513 963
0.6676642894744873 519 958
0.6733620166778564 525 960
0.6796481609344482 531 964
0.6851763725280762 536 959
0.6928665637969971 543 957
0.6994547843933105 549 960
0.7050173282623291 555 964
0.7184953689575195 569 963
0.7241861820220947 575 964
0.7309985160827637 580 964
0.7376449108123779 586 963
0.7441675662994385 593 965
0.7508318424224854 599 963
0.7573726177215576 605 963
0.7628872394561768 611 967
0.7694005966186523 617 960
0.775000810623169 623 964
0.7812333106994629 629 963
0.7878091335296631 634 964
0.794147253036499 642 963
0.8004319667816162 647 963
0.8073527812957764 653 967
0.8128845691680908 659 966
0.819361686706543 665 962
0.8248896598815918 671 967
0.831345796585083 677 966
0.8378782272338867 683 962
0.8443751335144043 690 962
0.8509728908538818 696 970
0.8574798107147217 702 971
0.863140344619751 707 964
0.8696703910827637 713 961
0.8752222061157227 719 966
0.8815004825592041 725 967
0.8881773948669434 733 967
0.8949489593505859 739 963
0.9012267589569092 745 966
0.9077770709991455 750 969
0.9135007858276367 756 967
0.9197826385498047 761 969
0.9253125190734863 769 972
0.9318475723266602 773 967
0.938206672668457 781 966
0.9448184967041016 787 963
0.9511570930480957 793 969
0.9577784538269043 799 967
0.9634783267974854 804 966
0.9697444438934326 810 966
0.9752898216247559 818 971
0.9815833568572998 821 974
0.9882867336273193 829 967
0.995044469833374 835 963
1.0013322830200195 841 971
